2 14 33 50
24 56 31 67
23 51 31 69
2 10 36 46
20 52 30 65
19 51 27 58
13 45 28 57
16 47 33 63
17 45 25 49
14 47 32 70
2 16 31 48
19 50 25 63
1 14 36 49
2 13 32 44
12 40 26 58
18 49 27 63
10 33 23 50
2 16 38 51
2 16 30 50
21 56 28 64
4 19 38 51
2 14 30 49
10 41 27 58
15 45 29 60
2 14 36 50
19 51 27 58
4 15 34 54
18 55 31 64
10 33 24 49
2 14 42 55
15 50 22 60
14 39 27 52
2 14 29 44
12 39 27 58
23 57 32 69
15 42 30 59
20 49 28 56
18 58 25 67
13 44 23 63
15 49 25 63
11 30 25 51
21 54 31 69
25 61 36 72
13 36 29 56
21 55 30 68
1 14 30 48
3 17 38 57
14 44 30 66
4 15 37 51
17 50 30 67
22 56 28 64
15 51 28 63
15 45 22 62
14 46 30 61
11 39 25 56
23 59 32 68
23 54 34 62
25 57 33 67
2 13 35 55
15 45 32 64
18 51 30 59
23 53 32 64
15 45 30 54
21 57 33 67
2 13 30 44
2 16 32 47
18 60 32 72
18 49 30 61
2 12 32 50
1 11 30 43
14 44 31 67
2 14 35 51
4 16 34 50
10 35 26 57
23 61 30 77
13 42 26 57
1 15 41 52
18 48 30 60
13 42 27 56
2 15 31 49
4 17 39 54
16 45 34 60
10 35 20 50
2 13 32 47
13 54 29 62
2 15 34 51
10 50 22 60
1 15 31 49
2 15 37 54
12 47 28 61
13 41 28 57
4 13 39 54
20 51 32 65
15 49 31 69
13 40 25 55
3 13 23 45
3 15 38 51
14 48 28 68
2 15 35 52
25 60 33 63
